15
2147483647 64 68 22 63 25 89 95 2 82 29 19 35 38 44
64 2147483647 36 20 71 96 85 40 81 76 72 46 65 29 12
68 36 2147483647 85 97 83 4 96 87 10 33 47 25 76 29
22 20 85 2147483647 82 46 52 71 42 28 30 52 15 8 30
63 71 97 82 2147483647 15 55 35 66 68 4 22 88 75 77
25 96 83 46 15 2147483647 100 79 90 57 20 56 57 22 5
89 85 4 52 55 100 2147483647 68 45 98 71 80 44 59 44
95 40 96 71 35 79 68 2147483647 20 54 69 89 92 96 64
2 81 87 42 66 90 45 20 2147483647 87 9 65 28 30 14
82 76 10 28 68 57 98 54 87 2147483647 16 29 66 38 39
29 72 33 30 4 20 71 69 9 16 2147483647 42 60 36 7
19 46 47 52 22 56 80 89 65 29 42 2147483647 37 94 41
35 65 25 15 88 57 44 92 28 66 60 37 2147483647 19 5
38 29 76 8 75 22 59 96 30 38 36 94 19 2147483647 19
44 12 29 30 77 5 44 64 14 39 7 41 5 19 2147483647

