25
2147483647 83 16 83 27 41 4 35 36 25 23 83 100 49 28 99 22 54 87 40 78 24 17 90 74
83 2147483647 71 46 87 30 20 65 94 44 29 59 97 73 51 91 68 49 26 3 1 62 53 75 59
16 71 2147483647 15 95 32 71 25 19 71 100 25 60 60 85 25 5 4 53 29 39 82 79 56 74
83 46 15 2147483647 40 18 69 15 29 84 44 38 74 10 59 91 14 34 97 4 72 10 30 42 38
27 87 95 40 2147483647 98 9 88 44 91 47 63 14 37 21 10 62 34 76 1 50 91 47 21 90
41 30 32 18 98 2147483647 16 57 12 100 69 25 69 11 25 82 55 49 89 82 90 26 91 34 84
4 20 71 69 9 16 2147483647 44 29 73 41 1 91 43 23 20 27 91 58 48 68 97 48 88 8
35 65 25 15 88 57 44 2147483647 30 26 23 37 96 88 70 37 60 55 30 39 89 68 71 89 79
36 94 19 29 44 12 29 30 2147483647 45 12 53 27 7 97 33 45 68 37 60 93 78 52 39 58
25 44 71 84 91 100 73 26 45 2147483647 11 100 67 2 82 56 3 47 61 52 96 35 81 67 15
23 29 100 44 47 69 41 23 12 11 2147483647 80 85 14 31 95 3 69 15 36 44 91 32 71 72
83 59 25 38 63 25 1 37 53 100 80 2147483647 41 73 85 5 7 30 22 35 45 27 94 85 30
100 97 60 74 14 69 91 96 27 67 85 41 2147483647 22 93 80 85 1 61 40 30 25 58 57 1
49 73 60 10 37 11 43 88 7 2 14 73 22 2147483647 73 70 22 47 5 93 91 58 28 18 60
28 51 85 59 21 25 23 70 97 82 31 85 93 73 2147483647 74 43 89 29 16 83 15 13 7 19
99 91 25 91 10 82 20 37 33 56 95 5 80 70 74 2147483647 69 98 28 28 41 69 87 61 39
22 68 5 14 62 55 27 60 45 3 3 7 85 22 43 69 2147483647 50 51 5 42 6 15 50 26
54 49 4 34 34 49 91 55 68 47 69 30 1 47 89 98 50 2147483647 49 30 70 59 56 38 89
87 26 53 97 76 89 58 30 37 61 15 22 61 5 29 28 51 49 2147483647 50 27 13 13 6 75
40 3 29 4 1 82 48 39 60 52 36 35 40 93 16 28 5 30 50 2147483647 33 87 91 60 34
78 1 39 72 50 90 68 89 93 96 44 45 30 91 83 41 42 70 27 33 2147483647 1 13 18 58
24 62 82 10 91 26 97 68 78 35 91 27 25 58 15 69 6 59 13 87 1 2147483647 80 19 82
17 53 79 30 47 91 48 71 52 81 32 94 58 28 13 87 15 56 13 91 13 80 2147483647 46 94
90 75 56 42 21 34 88 89 39 67 71 85 57 18 7 61 50 38 6 60 18 19 46 2147483647 59
74 59 74 38 90 84 8 79 58 15 72 30 1 60 19 39 26 89 75 34 58 82 94 59 2147483647
