10
-1 22 73 24 94 38 57 28 83  9
22 -1 37 68 57 99 74 37 46 77
73 37 -1 36 12 25 63  6 15 79
24 68 36 -1 43 16 71 47 68 89
94 57 12 43 -1 71 97 30 35 85
38 99 25 16 71 -1 82 14 65  4
57 74 63 71 97 82 -1 58 44 52
28 37  6 47 30 14 58 -1 51 55
83 46 15 68 35 65 44 51 -1 100
 9 77 79 89 85  4 52 55 100 -1
